0 0.948085 0.081731 0.039315 0.045875
0 0.936996 0.013206 0.057460 0.026411
0 0.867944 0.259158 0.034274 0.039128
0 0.946069 0.512143 0.035282 0.043176
0 0.977823 0.899380 0.044355 0.113337
0 0.996472 0.732747 0.007056 0.106591
0 0.917843 0.991517 0.023185 0.016967
0 0.666331 0.969541 0.028226 0.026985
0 0.670363 0.873744 0.028226 0.040478
0 0.651714 0.899380 0.031250 0.035081
0 0.604839 0.883189 0.062500 0.078257
0 0.659274 0.623457 0.038306 0.049922
0 0.637601 0.515516 0.027218 0.025636
0 0.640625 0.474364 0.055444 0.059367
0 0.606855 0.396107 0.100806 0.113337
0 0.539315 0.346859 0.026210 0.028334
0 0.512601 0.352257 0.023185 0.028334
0 0.545867 0.648418 0.029234 0.037779
0 0.558468 0.768502 0.094758 0.110639
0 0.479335 0.889935 0.055444 0.067463
0 0.382056 0.916245 0.024194 0.028334
0 0.449093 0.822472 0.039315 0.037779
0 0.434980 0.775248 0.029234 0.032382
0 0.627016 0.011856 0.044355 0.023713
0 0.676915 0.041253 0.025202 0.037779
0 0.722782 0.098596 0.046371 0.049922
0 0.695060 0.073635 0.045363 0.051272
0 0.476815 0.022364 0.042339 0.043176
0 0.494960 0.008483 0.032258 0.016967
0 0.655746 0.150543 0.059476 0.070161
0 0.419859 0.670006 0.039315 0.048573
0 0.430444 0.537105 0.034274 0.036430
0 0.449597 0.431188 0.171371 0.205087
0 0.355847 0.612663 0.034274 0.033731
0 0.361895 0.651117 0.042339 0.053970
0 0.213710 0.922992 0.060484 0.068812
0 0.177923 0.871720 0.057460 0.079606
0 0.101815 0.988818 0.024194 0.022364
0 0.031754 0.796836 0.051411 0.059367
0 0.114919 0.754335 0.034274 0.033731
0 0.144657 0.798185 0.035282 0.040478
0 0.195060 0.769851 0.049395 0.056669
0 0.305948 0.846084 0.065524 0.087702
0 0.264617 0.704412 0.029234 0.033731
0 0.264113 0.761081 0.046371 0.052621
0 0.328125 0.744890 0.081653 0.103893
0 0.289819 0.792788 0.029234 0.032382
0 0.666331 0.253086 0.028226 0.029684
0 0.683468 0.229474 0.036290 0.049922
0 0.646169 0.225426 0.040323 0.058018
0 0.618448 0.288842 0.025202 0.028334
0 0.592742 0.162686 0.028226 0.026985
0 0.592742 0.207212 0.044355 0.051272
0 0.590726 0.258483 0.050403 0.059367
0 0.532762 0.275349 0.063508 0.074209
0 0.522681 0.203164 0.057460 0.062066
0 0.509073 0.139749 0.042339 0.053970
0 0.450101 0.184274 0.073589 0.086352
0 0.431956 0.230149 0.035282 0.037779
0 0.384073 0.215307 0.026210 0.037779
0 0.375000 0.168758 0.052419 0.063415
0 0.204637 0.661911 0.030242 0.032382
0 0.213206 0.591075 0.047379 0.055319
0 0.172379 0.619409 0.036290 0.047224
0 0.110887 0.651117 0.046371 0.059367
0 0.063508 0.680126 0.024194 0.033731
0 0.060988 0.588376 0.035282 0.039128
0 0.220766 0.452776 0.088710 0.110639
0 0.311492 0.369797 0.050403 0.058018
0 0.228831 0.355630 0.034274 0.040478
0 0.012097 0.491230 0.024194 0.036430
0 0.026210 0.365074 0.052419 0.070161
0 0.060484 0.289516 0.028226 0.043176
0 0.158770 0.326621 0.027218 0.036430
0 0.130544 0.317176 0.039315 0.063415
0 0.269153 0.005785 0.028226 0.011569
0 0.341734 0.255785 0.022177 0.026985
0 0.178931 0.017253 0.029234 0.034507
0 0.098286 0.017253 0.063508 0.034507
0 0.083165 0.047325 0.029234 0.031033
0 0.089214 0.181576 0.017137 0.026985
0 0.096270 0.143797 0.027218 0.029684
0 0.175403 0.062167 0.044355 0.049922
0 0.192036 0.203164 0.039315 0.053970
0 0.052923 0.147170 0.051411 0.066114
0 0.012601 0.122883 0.025202 0.049922
0 0.011593 0.062167 0.023185 0.085003
0 0.310484 0.059755 0.102823 0.119510
0 0.288306 0.106692 0.048387 0.066114
0 0.333165 0.122208 0.033266 0.048573
0 0.251008 0.239594 0.080645 0.105242
0 0.247984 0.163361 0.054435 0.060717
0 0.307964 0.173480 0.029234 0.026985
0 0.316532 0.210585 0.052419 0.068812