0 0.877520 0.018603 0.029234 0.037205
0 0.924899 0.333367 0.033266 0.041827
0 0.972278 0.499325 0.055444 0.101194
0 0.886593 0.730723 0.059476 0.072860
0 0.915827 0.863624 0.055444 0.060717
0 0.864415 0.846759 0.055444 0.064764
0 0.916331 0.916245 0.036290 0.039128
0 0.799395 0.905451 0.032258 0.028334
0 0.828125 0.978024 0.039315 0.043952
0 0.826109 0.773899 0.041331 0.051272
0 0.758569 0.796162 0.063508 0.076908
0 0.709677 0.645720 0.086694 0.094448
0 0.606351 0.318525 0.039315 0.049922
0 0.684476 0.721953 0.034274 0.041827
0 0.636593 0.722627 0.033266 0.037779
0 0.694052 0.819099 0.029234 0.033731
0 0.688508 0.875093 0.046371 0.062066
0 0.594758 0.849457 0.028226 0.029684
0 0.601815 0.936484 0.028226 0.033731
0 0.667843 0.908150 0.043347 0.049922
0 0.635585 0.894657 0.049395 0.071511
0 0.558972 0.659212 0.172379 0.132227
0 0.556452 0.784018 0.026210 0.020239
0 0.543851 0.823147 0.023185 0.031033
0 0.519153 0.895332 0.030242 0.040478
0 0.445060 0.891959 0.051411 0.066114
0 0.476815 0.989493 0.058468 0.021014
0 0.479839 0.740842 0.026210 0.033731
0 0.508065 0.761756 0.022177 0.032382
0 0.487903 0.783344 0.058468 0.067463
0 0.495464 0.823821 0.075605 0.089051
0 0.390121 0.810329 0.032258 0.032382
0 0.393649 0.776597 0.027218 0.040478
0 0.369960 0.734770 0.052419 0.062066
0 0.324093 0.871045 0.091734 0.110639
0 0.339214 0.942556 0.071573 0.070161
0 0.312500 0.978024 0.046371 0.043952
0 0.550403 0.369122 0.066532 0.072860
0 0.540827 0.150543 0.039315 0.037779
0 0.554940 0.060143 0.045363 0.037779
0 0.465222 0.162686 0.091734 0.105242
0 0.463206 0.262531 0.035282 0.037779
0 0.434980 0.238244 0.033266 0.043176
0 0.433468 0.279397 0.034274 0.033731
0 0.432964 0.369797 0.033266 0.039128
0 0.390121 0.343486 0.056452 0.070161
0 0.322581 0.356979 0.030242 0.040478
0 0.410786 0.454125 0.041331 0.040478
0 0.351310 0.526985 0.107863 0.126830
0 0.322077 0.703063 0.027218 0.028334
0 0.291331 0.621433 0.118952 0.134926
0 0.367944 0.140423 0.046371 0.068812
0 0.231351 0.017253 0.045363 0.034507
0 0.131048 0.018603 0.038306 0.037205
0 0.300403 0.201140 0.052419 0.060717
0 0.244960 0.124907 0.076613 0.091749
0 0.220262 0.263880 0.055444 0.075558
0 0.211190 0.170107 0.027218 0.033731
0 0.173387 0.201140 0.048387 0.060717
0 0.172379 0.258483 0.040323 0.051272
0 0.193548 0.361027 0.030242 0.045875
0 0.109879 0.300310 0.060484 0.080955
0 0.115423 0.145146 0.035282 0.045875
0 0.288306 0.711833 0.028226 0.040478
0 0.264113 0.702388 0.028226 0.037779
0 0.208165 0.676752 0.037298 0.043176
0 0.089718 0.166059 0.030242 0.036430
0 0.085181 0.205862 0.047379 0.064764
0 0.034274 0.278047 0.042339 0.047224
0 0.034778 0.313128 0.033266 0.031033
0 0.041835 0.351582 0.049395 0.062066
0 0.099798 0.411624 0.030242 0.047224
0 0.125000 0.462221 0.034274 0.045875
0 0.066028 0.431188 0.031250 0.048573
0 0.067540 0.541152 0.056452 0.060717
0 0.127016 0.536430 0.062500 0.067463
0 0.101815 0.576908 0.042339 0.040478
0 0.048387 0.612663 0.034274 0.036430
0 0.095262 0.617385 0.053427 0.072860
0 0.149698 0.680126 0.047379 0.060717
0 0.220262 0.736794 0.049395 0.068812
0 0.186492 0.730723 0.024194 0.032382
0 0.172883 0.756359 0.035282 0.032382
0 0.164819 0.796836 0.035282 0.040478
0 0.086190 0.746239 0.047379 0.044525
0 0.110887 0.777272 0.050403 0.049922
0 0.039819 0.866998 0.037298 0.051272
0 0.223286 0.869696 0.051411 0.051272
0 0.261089 0.923666 0.024194 0.035081
0 0.262097 0.983421 0.028226 0.033158
0 0.248992 0.949977 0.036290 0.041827
0 0.206149 0.960771 0.087702 0.076908
0 0.171371 0.917595 0.032258 0.031033
0 0.129032 0.915571 0.026210 0.032382
0 0.151210 0.949302 0.044355 0.045875
0 0.131552 0.986120 0.035282 0.027761
0 0.073589 0.985445 0.058468 0.029110