0 0.684476 0.195743 0.100806 0.122782
0 0.826109 0.160662 0.134073 0.138973
0 0.946069 0.114788 0.063508 0.085003
0 0.985887 0.172131 0.028226 0.040478
0 0.990423 0.306382 0.019153 0.082305
0 0.942540 0.393409 0.042339 0.048573
0 0.879536 0.364400 0.055444 0.103893
0 0.831149 0.343486 0.033266 0.072860
0 0.653730 0.314477 0.025202 0.031033
0 0.765625 0.039904 0.021169 0.032382
0 0.851310 0.524287 0.033266 0.043176
0 0.962198 0.678102 0.029234 0.051272
0 0.162802 0.260507 0.093750 0.093099
0 0.192540 0.327970 0.056452 0.052621
0 0.122480 0.338089 0.063508 0.083654
0 0.610383 0.423767 0.041331 0.031033
0 0.635585 0.488531 0.065524 0.066114
0 0.620968 0.561391 0.050403 0.039128
0 0.554435 0.130304 0.050403 0.062066
0 0.487903 0.251062 0.038306 0.047224
0 0.613911 0.842711 0.052419 0.064764
0 0.581149 0.963857 0.097782 0.072286
0 0.635081 0.892633 0.020161 0.029684
0 0.652218 0.862950 0.028226 0.032382
0 0.015625 0.045588 0.031250 0.091176
0 0.045867 0.066889 0.045363 0.040478
0 0.046875 0.124232 0.045363 0.068812
0 0.073085 0.157964 0.027218 0.028334
0 0.172883 0.151217 0.033266 0.036430
0 0.126512 0.151892 0.035282 0.067463
0 0.096774 0.185623 0.040323 0.053970
0 0.056452 0.227450 0.022177 0.032382
0 0.098790 0.237570 0.026210 0.033731
0 0.092742 0.271976 0.040323 0.035081
0 0.427923 0.964819 0.021169 0.033731
0 0.401714 0.937833 0.039315 0.055319
0 0.443044 0.883863 0.071573 0.098496
0 0.526210 0.836639 0.054435 0.066114
0 0.524698 0.754335 0.055444 0.063415
0 0.546875 0.674729 0.047379 0.063415
0 0.590726 0.611314 0.026210 0.028334
0 0.610383 0.594448 0.025202 0.024287
0 0.156250 0.013880 0.034274 0.027761
0 0.195060 0.005785 0.027218 0.011569
0 0.196069 0.039229 0.049395 0.055319
0 0.243952 0.016579 0.044355 0.033158
0 0.258569 0.043952 0.029234 0.029684
0 0.290323 0.010507 0.032258 0.021014
0 0.304435 0.041928 0.046371 0.055319
0 0.304940 0.074984 0.029234 0.026985
0 0.347782 0.068238 0.026210 0.035081
0 0.375000 0.079707 0.030242 0.036430
0 0.391633 0.140423 0.027218 0.033731
0 0.425403 0.199791 0.042339 0.049922
0 0.430948 0.253761 0.041331 0.055319
0 0.392137 0.210585 0.020161 0.031033
0 0.363407 0.217331 0.043347 0.049922
0 0.332661 0.153241 0.030242 0.032382
0 0.321573 0.116137 0.042339 0.041827
0 0.254032 0.099946 0.044355 0.044525
0 0.277218 0.188997 0.044355 0.058018
0 0.238407 0.157964 0.045363 0.060717
0 0.338710 0.278722 0.064516 0.078257
0 0.416835 0.348883 0.049395 0.053970
0 0.356351 0.340113 0.047379 0.047224
0 0.369456 0.390036 0.041331 0.058018
0 0.424395 0.386663 0.048387 0.048573
0 0.518145 0.395433 0.040323 0.052621
0 0.549899 0.472340 0.049395 0.058018
0 0.503024 0.444006 0.048387 0.063415
0 0.419355 0.462895 0.042339 0.047224
0 0.447581 0.448054 0.052419 0.052621
0 0.483367 0.495278 0.029234 0.031033
0 0.294355 0.444006 0.030242 0.052621
0 0.267641 0.444681 0.027218 0.040478
0 0.210685 0.514167 0.036290 0.068812
0 0.333165 0.558018 0.041331 0.037779
0 0.098790 0.510119 0.082661 0.117385
0 0.180948 0.630203 0.037298 0.049922
0 0.055948 0.438609 0.049395 0.058018
0 0.032258 0.479087 0.030242 0.044525
0 0.137097 0.596472 0.062500 0.082305
0 0.118952 0.661911 0.048387 0.048573
0 0.030242 0.595123 0.042339 0.060717
0 0.074093 0.597146 0.041331 0.053970
0 0.395665 0.527660 0.033266 0.028334
0 0.080645 0.973589 0.032258 0.032382
0 0.079637 0.856203 0.028226 0.035081
0 0.038810 0.956723 0.023185 0.039128
0 0.007056 0.983421 0.014113 0.033158
0 0.008569 0.656514 0.017137 0.086352
0 0.042339 0.674054 0.036290 0.040478
0 0.069556 0.651791 0.032258 0.036430
0 0.145665 0.539128 0.021169 0.026985
0 0.175403 0.528334 0.024194 0.032382
0 0.308468 0.740167 0.054435 0.064764
0 0.229335 0.857553 0.081653 0.089051
0 0.180948 0.811678 0.049395 0.062066
0 0.218750 0.761756 0.056452 0.056669
0 0.240927 0.802233 0.046371 0.035081
0 0.237903 0.682824 0.034274 0.044525
0 0.309476 0.642346 0.028226 0.025636
0 0.309980 0.613337 0.035282 0.043176
0 0.454637 0.565439 0.044355 0.052621
0 0.496472 0.534406 0.029234 0.022937
0 0.534274 0.589051 0.056452 0.070161
0 0.488911 0.628179 0.040323 0.048573
0 0.444556 0.644370 0.032258 0.045875
0 0.467238 0.802233 0.025202 0.032382
0 0.360383 0.665958 0.045363 0.062066
0 0.405746 0.657863 0.027218 0.037779
0 0.416331 0.732747 0.129032 0.125481