0 0.163176 0.960230 0.144852 0.079541
0 0.232984 0.393717 0.113438 0.109787
0 0.253927 0.156625 0.082024 0.093435
0 0.428447 0.106404 0.078534 0.105115
0 0.684119 0.023419 0.073298 0.046839
0 0.917103 0.079541 0.071553 0.074748
0 0.769634 0.171808 0.041885 0.044382
0 0.844677 0.072533 0.034904 0.046718
0 0.945026 0.017580 0.075044 0.035159
0 0.957243 0.368023 0.043630 0.058397
0 0.959860 0.462626 0.031414 0.060733
0 0.980803 0.473137 0.038394 0.081756
0 0.866492 0.519855 0.047120 0.058397
0 0.907504 0.584092 0.048866 0.060733
0 0.984293 0.689207 0.031414 0.051389
0 0.840314 0.622634 0.043630 0.049054
0 0.802792 0.684535 0.038394 0.046718
0 0.780977 0.640153 0.043630 0.046718
0 0.759162 0.594603 0.048866 0.058397
0 0.695462 0.494160 0.040140 0.049054
0 0.691099 0.554893 0.059337 0.072412
0 0.667539 0.504672 0.040140 0.046718
0 0.629145 0.468466 0.036649 0.044382
0 0.650087 0.255900 0.040140 0.049054
0 0.693717 0.058518 0.047120 0.037374
0 0.617801 0.121587 0.055846 0.051389
0 0.618674 0.178816 0.054101 0.058397
0 0.583770 0.239549 0.043630 0.063069
0 0.541012 0.297946 0.031414 0.035038
0 0.528796 0.104068 0.041885 0.053725
0 0.514834 0.035159 0.048866 0.046718
0 0.733857 0.716069 0.061082 0.081756
0 0.773124 0.774466 0.052356 0.058397
0 0.869110 0.769795 0.034904 0.063069
0 0.901396 0.862062 0.043630 0.056061
0 0.845550 0.832863 0.040140 0.072412
0 0.817627 0.791986 0.026178 0.046718
0 0.611693 0.670520 0.050611 0.060733
0 0.665794 0.674023 0.040140 0.063069
0 0.573298 0.817680 0.050611 0.074748
0 0.600349 0.948490 0.034904 0.074748
0 0.663176 0.951994 0.055846 0.077084
0 0.475567 0.908780 0.075044 0.079420
0 0.491274 0.823520 0.047120 0.063069
0 0.519197 0.769795 0.054101 0.119130
0 0.567190 0.429923 0.045375 0.060733
0 0.510471 0.447443 0.040140 0.053725
0 0.389180 0.443939 0.024433 0.042046
0 0.424956 0.456786 0.050611 0.058397
0 0.419721 0.494160 0.043630 0.044382
0 0.383072 0.529199 0.040140 0.058397
0 0.342932 0.556061 0.054101 0.070077
0 0.318499 0.852718 0.050611 0.056061
0 0.661431 0.814176 0.076789 0.100443
0 0.222513 0.789650 0.064572 0.088764
0 0.139616 0.803665 0.076789 0.102779
0 0.191099 0.834031 0.054101 0.065405
0 0.088133 0.693878 0.054101 0.079420
0 0.125654 0.273419 0.083770 0.098107
0 0.391798 0.021083 0.043630 0.042167
0 0.474695 0.265244 0.034904 0.049054
0 0.499127 0.224366 0.045375 0.051389
0 0.384817 0.271083 0.061082 0.051389
0 0.332461 0.354007 0.061082 0.077084
0 0.317627 0.178816 0.052356 0.067741
0 0.259162 0.102900 0.043630 0.060733
0 0.292321 0.055014 0.043630 0.058397
0 0.130890 0.080709 0.080279 0.105115
0 0.111693 0.167137 0.045375 0.058397
0 0.276614 0.281595 0.071553 0.067741
0 0.240838 0.296778 0.052356 0.051389
0 0.146597 0.533870 0.073298 0.077084
0 0.159686 0.598107 0.078534 0.079420
0 0.187609 0.469634 0.085515 0.074748
0 0.214660 0.519855 0.083770 0.072412
0 0.090750 0.526863 0.041885 0.039710
0 0.052356 0.561901 0.041885 0.058397
0 0.054974 0.246557 0.061082 0.067741
0 0.022688 0.108739 0.045375 0.114458