0 0.226003 0.053786 0.106457 0.107571
0 0.296684 0.016412 0.038394 0.032823
0 0.205061 0.109907 0.057592 0.060733
0 0.264398 0.172976 0.047120 0.051389
0 0.412740 0.165969 0.036649 0.037374
0 0.442408 0.078373 0.029668 0.039710
0 0.478185 0.085381 0.038394 0.044382
0 0.522688 0.085381 0.054101 0.053725
0 0.520942 0.016412 0.043630 0.032823
0 0.608202 0.058518 0.050611 0.065405
0 0.639616 0.116915 0.082024 0.084092
0 0.760035 0.038663 0.057592 0.072412
0 0.907504 0.111075 0.027923 0.035038
0 0.904014 0.148449 0.048866 0.063069
0 0.930192 0.203343 0.059337 0.065405
0 0.980803 0.278091 0.038394 0.088764
0 0.835079 0.227870 0.054101 0.058397
0 0.875218 0.379702 0.054101 0.067741
0 0.805410 0.147282 0.026178 0.042046
0 0.794939 0.168304 0.022688 0.046718
0 0.735602 0.184656 0.047120 0.065405
0 0.738220 0.275755 0.038394 0.051389
0 0.794939 0.354007 0.040140 0.053725
0 0.806283 0.462626 0.038394 0.046718
0 0.917103 0.539710 0.054101 0.065405
0 0.876091 0.554893 0.052356 0.063069
0 0.886562 0.617962 0.038394 0.044382
0 0.974695 0.692710 0.050611 0.053725
0 0.917976 0.712565 0.080279 0.098107
0 0.980803 0.784978 0.027923 0.037374
0 0.941536 0.793153 0.068063 0.091099
0 0.977312 0.851551 0.045375 0.049054
0 0.978185 0.913451 0.043630 0.084092
0 0.928447 0.988260 0.038394 0.023480
0 0.913613 0.914619 0.043630 0.058397
0 0.802792 0.975352 0.027923 0.044382
0 0.753927 0.944986 0.034904 0.044382
0 0.840314 0.933306 0.109948 0.123802
0 0.804538 0.818848 0.034904 0.049054
0 0.869110 0.816512 0.038394 0.053725
0 0.917103 0.855054 0.071553 0.070077
0 0.883072 0.769795 0.038394 0.044382
0 0.850785 0.763955 0.029668 0.037374
0 0.820244 0.725413 0.052356 0.077084
0 0.777487 0.741764 0.036649 0.049054
0 0.748691 0.671687 0.059337 0.081756
0 0.725131 0.832863 0.033159 0.044382
0 0.722513 0.766291 0.083770 0.102779
0 0.678010 0.758115 0.036649 0.035038
0 0.701571 0.921627 0.031414 0.053725
0 0.654450 0.846879 0.031414 0.039710
0 0.648342 0.881917 0.036649 0.044382
0 0.643106 0.942650 0.071553 0.067741
0 0.664049 0.978856 0.033159 0.037374
0 0.628272 0.978856 0.034904 0.042046
0 0.681501 0.598107 0.054101 0.070077
0 0.584642 0.518687 0.090750 0.093435
0 0.604712 0.578252 0.057592 0.067741
0 0.568935 0.586428 0.031414 0.046718
0 0.536649 0.612122 0.036649 0.079420
0 0.565445 0.670520 0.045375 0.065405
0 0.588133 0.737092 0.038394 0.058397
0 0.542757 0.776802 0.027923 0.044382
0 0.535777 0.851551 0.038394 0.049054
0 0.619546 0.791986 0.059337 0.088764
0 0.482548 0.956726 0.082024 0.086549
0 0.490401 0.295610 0.083770 0.123802
0 0.539267 0.231373 0.062827 0.070077
0 0.299302 0.348168 0.075044 0.102779
0 0.229494 0.478977 0.078534 0.112122
0 0.044503 0.494160 0.089005 0.179863
0 0.175393 0.637817 0.071553 0.093435
0 0.484293 0.610954 0.075044 0.095771
0 0.477312 0.741764 0.043630 0.053725
0 0.369983 0.780306 0.045375 0.056061
0 0.359511 0.876077 0.045375 0.046718
0 0.515707 0.692710 0.075044 0.081756
0 0.388307 0.492992 0.071553 0.088764
0 0.373473 0.570077 0.069808 0.093435
0 0.513962 0.383206 0.047120 0.056061
0 0.569808 0.158961 0.033159 0.051389
0 0.454625 0.540878 0.054101 0.063069
0 0.431065 0.621466 0.055846 0.093435
0 0.254799 0.760451 0.052356 0.058397
0 0.287958 0.735924 0.038394 0.046718
0 0.299302 0.525695 0.043630 0.042046
0 0.221640 0.300282 0.052356 0.072412
0 0.257417 0.379702 0.036649 0.049054
0 0.127400 0.128594 0.041885 0.051389
0 0.088133 0.021083 0.047120 0.042167
0 0.014834 0.051450 0.029668 0.102900
0 0.078534 0.127427 0.062827 0.067741
0 0.070681 0.172976 0.047120 0.056061
0 0.040140 0.208014 0.048866 0.046718
0 0.069808 0.327145 0.048866 0.065405
0 0.148342 0.347000 0.062827 0.058397
0 0.189354 0.392549 0.040140 0.051389
0 0.154450 0.393717 0.050611 0.044382
0 0.011344 0.335320 0.022688 0.063069
0 0.161431 0.522191 0.040140 0.063069
0 0.327225 0.985924 0.050611 0.028151
0 0.253054 0.918123 0.034904 0.037374
0 0.164049 0.970741 0.073298 0.058518
0 0.042757 0.947322 0.043630 0.044382
0 0.108202 0.838703 0.041885 0.065405
0 0.087260 0.732420 0.052356 0.081756
0 0.063700 0.781474 0.050611 0.072412
0 0.030541 0.798993 0.061082 0.144825