0 0.865423 0.066214 0.051411 0.066114
0 0.929435 0.149194 0.054435 0.070161
0 0.951109 0.184274 0.039315 0.053970
0 0.975302 0.298286 0.049395 0.098496
0 0.984879 0.408925 0.030242 0.087702
0 0.980847 0.734770 0.038306 0.091749
0 0.985887 0.945254 0.028226 0.051272
0 0.887601 0.787391 0.059476 0.067463
0 0.921875 0.906126 0.043347 0.062066
0 0.882560 0.918269 0.043347 0.072860
0 0.798891 0.795487 0.035282 0.037779
0 0.772177 0.978699 0.034274 0.042602
0 0.749496 0.980723 0.037298 0.038555
0 0.795363 0.662585 0.048387 0.055319
0 0.744960 0.631552 0.038306 0.041827
0 0.913810 0.557343 0.063508 0.066114
0 0.923891 0.455475 0.049395 0.062066
0 0.902722 0.343486 0.029234 0.040478
0 0.837702 0.251737 0.052419 0.064764
0 0.796371 0.261856 0.054435 0.063415
0 0.805948 0.352257 0.037298 0.041827
0 0.782258 0.455475 0.032258 0.037779
0 0.804435 0.478412 0.046371 0.062066
0 0.731855 0.427815 0.036290 0.033731
0 0.727319 0.373845 0.057460 0.060717
0 0.698085 0.402179 0.051411 0.049922
0 0.648690 0.592424 0.057460 0.076908
0 0.680948 0.869021 0.045363 0.063415
0 0.694556 0.949977 0.038306 0.039128
0 0.630040 0.946604 0.048387 0.043176
0 0.592238 0.919618 0.041331 0.045875
0 0.576109 0.955374 0.027218 0.033731
0 0.583165 0.985445 0.039315 0.029110
0 0.546875 0.828544 0.027218 0.036430
0 0.541331 0.882514 0.026210 0.022937
0 0.548891 0.912198 0.025202 0.036430
0 0.510585 0.970603 0.053427 0.058793
0 0.549899 0.969254 0.037298 0.061492
0 0.574597 0.672030 0.056452 0.068812
0 0.504032 0.651791 0.028226 0.031033
0 0.476310 0.796836 0.073589 0.105242
0 0.425907 0.821123 0.067540 0.086352
0 0.404738 0.883189 0.027218 0.037779
0 0.466230 0.879141 0.029234 0.024287
0 0.471270 0.916245 0.031250 0.052621
0 0.431956 0.985445 0.029234 0.029110
0 0.352319 0.933786 0.029234 0.033731
0 0.368448 0.970216 0.045363 0.052621
0 0.327621 0.829893 0.032258 0.041827
0 0.292339 0.864974 0.054435 0.066114
0 0.616935 0.476388 0.020161 0.033731
0 0.559476 0.497976 0.042339 0.055319
0 0.584677 0.529684 0.026210 0.037779
0 0.605343 0.501349 0.045363 0.053970
0 0.586694 0.362376 0.046371 0.062066
0 0.581149 0.324597 0.049395 0.064764
0 0.541835 0.342137 0.057460 0.070161
0 0.444556 0.523612 0.026210 0.031033
0 0.207661 0.903427 0.086694 0.094448
0 0.226310 0.715206 0.101815 0.117385
0 0.222278 0.799535 0.041331 0.056669
0 0.205141 0.841362 0.053427 0.056669
0 0.115423 0.965493 0.041331 0.056669
0 0.091230 0.986794 0.039315 0.026411
0 0.038810 0.944967 0.077621 0.110065
0 0.153730 0.912872 0.033266 0.048573
0 0.124496 0.878466 0.041331 0.047224
0 0.138105 0.815051 0.040323 0.049922
0 0.127016 0.748263 0.042339 0.051272
0 0.121472 0.675403 0.035282 0.037779
0 0.198085 0.611314 0.025202 0.039128
0 0.168347 0.592424 0.028226 0.039128
0 0.127520 0.628179 0.055444 0.072860
0 0.282762 0.606591 0.043347 0.053970
0 0.255040 0.568137 0.060484 0.076908
0 0.333165 0.503373 0.089718 0.103893
0 0.214718 0.485833 0.104839 0.130878
0 0.057964 0.622782 0.115927 0.132227
0 0.056956 0.710484 0.047379 0.053970
0 0.008065 0.715206 0.016129 0.060717
0 0.013609 0.551946 0.027218 0.055319
0 0.019153 0.483134 0.038306 0.055319
0 0.047379 0.478412 0.036290 0.040478
0 0.074093 0.424442 0.039315 0.059367
0 0.135081 0.408925 0.026210 0.041827
0 0.016129 0.409600 0.032258 0.040478
0 0.319052 0.398806 0.035282 0.035081
0 0.341230 0.383289 0.025202 0.039128
0 0.430444 0.340113 0.034274 0.033731
0 0.421875 0.261182 0.025202 0.026985
0 0.584677 0.176179 0.026210 0.035081
0 0.557964 0.149868 0.043347 0.058018
0 0.574597 0.093199 0.040323 0.047224
0 0.571069 0.027761 0.039315 0.043176
0 0.403730 0.222053 0.041331 0.051272
0 0.410282 0.181576 0.084677 0.094448
0 0.422883 0.106017 0.041331 0.043176
0 0.511593 0.034119 0.059476 0.068238
0 0.468750 0.022364 0.036290 0.037779
0 0.456149 0.038555 0.025202 0.035081
0 0.399698 0.035856 0.045363 0.045875
0 0.318044 0.042215 0.091734 0.084429
0 0.300403 0.098596 0.054435 0.058018
0 0.332661 0.157289 0.054435 0.064764
0 0.378528 0.296937 0.021169 0.028334
0 0.333669 0.310430 0.044355 0.058018
0 0.338206 0.215307 0.025202 0.026985
0 0.285282 0.228125 0.060484 0.079606
0 0.199093 0.162011 0.041331 0.055319
0 0.201613 0.035181 0.030242 0.039128
0 0.106351 0.269277 0.027218 0.035081
0 0.021169 0.284794 0.042339 0.068812
0 0.053931 0.183600 0.059476 0.066114
0 0.137601 0.082405 0.065524 0.079606
0 0.101310 0.039516 0.079637 0.079032
0 0.047883 0.029110 0.023185 0.032382
0 0.016129 0.029397 0.032258 0.058793
0 0.057964 0.073635 0.043347 0.064764
0 0.030242 0.108041 0.030242 0.036430
0 0.012097 0.130979 0.024194 0.058018