0 0.300175 0.199839 0.069808 0.095771
0 0.644852 0.146114 0.071553 0.077084
0 0.731239 0.205679 0.101222 0.107451
0 0.548866 0.025755 0.061082 0.051510
0 0.924084 0.304954 0.068063 0.072412
0 0.945026 0.431091 0.043630 0.044382
0 0.923211 0.498832 0.034904 0.039710
0 0.924956 0.581756 0.045375 0.051389
0 0.925829 0.725413 0.036649 0.053725
0 0.877836 0.691542 0.048866 0.051389
0 0.919721 0.807169 0.055846 0.072412
0 0.970332 0.959062 0.059337 0.081877
0 0.849040 0.962505 0.057592 0.056061
0 0.892670 0.977749 0.095986 0.044503
0 0.779232 0.379702 0.040140 0.058397
0 0.139616 0.383206 0.178010 0.149497
0 0.184991 0.462626 0.125654 0.135481
0 0.054974 0.445107 0.082024 0.100443
0 0.414485 0.640153 0.155323 0.154168
0 0.513962 0.878413 0.155323 0.182199
0 0.630017 0.971849 0.041885 0.037374
0 0.601222 0.930971 0.054101 0.058397
0 0.631763 0.879581 0.034904 0.063069
0 0.726876 0.837535 0.071553 0.095771
0 0.787958 0.948490 0.050611 0.070077
0 0.811518 0.853886 0.052356 0.058397
0 0.784468 0.804833 0.061082 0.053725
0 0.288831 0.803665 0.106457 0.126138
0 0.166667 0.853886 0.085515 0.077084
0 0.408377 0.966069 0.073298 0.067861
0 0.304538 0.669352 0.068063 0.095771
0 0.663176 0.746436 0.076789 0.100443
0 0.134380 0.017580 0.069808 0.035159
0 0.075044 0.072533 0.055846 0.135481
0 0.082897 0.243053 0.078534 0.074748
0 0.513962 0.135602 0.054101 0.051389
0 0.489529 0.168304 0.061082 0.056061
0 0.303665 0.036267 0.073298 0.072533
0 0.577661 0.275755 0.038394 0.042046
0 0.431937 0.236045 0.047120 0.046718
0 0.383072 0.190495 0.089005 0.067741
0 0.693717 0.533870 0.043630 0.049054
0 0.845550 0.531534 0.043630 0.044382
0 0.526178 0.356343 0.043630 0.058397
0 0.348168 0.438099 0.057592 0.077084
0 0.520070 0.436931 0.038394 0.042046
0 0.514834 0.485985 0.048866 0.051389
0 0.514834 0.538542 0.066318 0.058397
0 0.628272 0.316633 0.048866 0.053725
0 0.648342 0.357511 0.071553 0.074748
0 0.674520 0.413572 0.054101 0.051389
0 0.626527 0.439267 0.055846 0.074748
0 0.691099 0.592267 0.048866 0.063069
0 0.687609 0.642489 0.055846 0.070077
0 0.657068 0.665848 0.050611 0.056061
0 0.565445 0.748772 0.045375 0.053725
0 0.542757 0.621466 0.024433 0.046718
0 0.095986 0.549054 0.052356 0.074748
0 0.143106 0.571244 0.066318 0.067741
0 0.830716 0.398389 0.024433 0.030366
0 0.788831 0.448611 0.034904 0.037374
0 0.802792 0.480145 0.048866 0.067741
0 0.375218 0.796657 0.059337 0.065405
0 0.236475 0.649497 0.036649 0.037374
0 0.257417 0.427588 0.047120 0.060733
0 0.014834 0.286267 0.029668 0.133145
0 0.017452 0.832863 0.034904 0.063069
0 0.156195 0.980085 0.057592 0.039831
0 0.231239 0.726581 0.089005 0.084092
0 0.207679 0.939146 0.164049 0.107451