0 0.932810 0.025755 0.064572 0.051510
0 0.960733 0.116915 0.061082 0.060733
0 0.963351 0.192831 0.073298 0.095771
0 0.951134 0.387878 0.097731 0.130810
0 0.877836 0.181152 0.090750 0.109787
0 0.818499 0.317801 0.087260 0.107451
0 0.860384 0.425252 0.076789 0.107451
0 0.307155 0.038602 0.097731 0.077205
0 0.479930 0.077205 0.108202 0.149497
0 0.524433 0.336488 0.092496 0.126138
0 0.639616 0.496496 0.078534 0.091099
0 0.841187 0.727749 0.041885 0.049054
0 0.956370 0.716069 0.034904 0.044382
0 0.971204 0.752275 0.036649 0.051389
0 0.981675 0.535038 0.036649 0.074748
0 0.959860 0.623802 0.055846 0.051389
0 0.852531 0.649497 0.047120 0.037374
0 0.882199 0.690375 0.040140 0.044382
0 0.914485 0.670520 0.034904 0.060733
0 0.944154 0.866734 0.038394 0.051389
0 0.869110 0.944986 0.041885 0.072412
0 0.677138 0.976581 0.066318 0.046839
0 0.696335 0.860894 0.055846 0.058397
0 0.718150 0.794321 0.043630 0.046718
0 0.772251 0.492992 0.050611 0.065405
0 0.695462 0.220862 0.054101 0.081756
0 0.633508 0.018747 0.055846 0.037495
0 0.736475 0.066694 0.038394 0.044382
0 0.774869 0.098228 0.055846 0.060733
0 0.776614 0.184656 0.087260 0.112122
0 0.714660 0.528031 0.057592 0.051389
0 0.668412 0.640153 0.059337 0.084092
0 0.642234 0.690375 0.038394 0.044382
0 0.553229 0.814176 0.045375 0.058397
0 0.280977 0.964901 0.115183 0.070197
0 0.335079 0.709062 0.090750 0.100443
0 0.497382 0.546718 0.062827 0.093435
0 0.209424 0.793153 0.076789 0.091099
0 0.182373 0.069029 0.078534 0.109787
0 0.136126 0.059686 0.066318 0.067741
0 0.083770 0.148449 0.041885 0.058397
0 0.029668 0.317801 0.059337 0.158840
0 0.262653 0.198671 0.106457 0.098107
0 0.443281 0.267580 0.073298 0.077084
0 0.291449 0.592267 0.045375 0.058397
0 0.114311 0.537374 0.092496 0.084092
0 0.260035 0.351671 0.062827 0.058397
0 0.180628 0.964901 0.054101 0.070197
0 0.336824 0.842207 0.108202 0.151832
0 0.438918 0.810673 0.099476 0.116794
0 0.020942 0.462626 0.041885 0.130810
0 0.115183 0.810673 0.034904 0.037374
0 0.077661 0.788482 0.054101 0.063069
0 0.008726 0.827024 0.017452 0.051389
0 0.015707 0.709062 0.031414 0.058397
0 0.128272 0.615626 0.043630 0.053725
0 0.263525 0.426420 0.034904 0.049054
0 0.418848 0.361015 0.045375 0.063069
0 0.355148 0.310793 0.057592 0.084092
0 0.561955 0.638985 0.052356 0.067741
0 0.262653 0.674023 0.064572 0.058397
0 0.161431 0.281595 0.040140 0.044382
0 0.518325 0.466130 0.094241 0.109787
0 0.637871 0.759283 0.043630 0.065405
0 0.241710 0.525695 0.054101 0.060733
0 0.126527 0.382038 0.082024 0.095771
0 0.211169 0.271083 0.062827 0.088764