0 0.961694 0.097247 0.072581 0.090400
0 0.920867 0.165385 0.035282 0.045875
0 0.771169 0.213283 0.090726 0.111988
0 0.755040 0.360352 0.084677 0.101194
0 0.866431 0.404877 0.059476 0.076908
0 0.936996 0.497301 0.061492 0.064764
0 0.937500 0.543176 0.030242 0.029684
0 0.826613 0.513493 0.044355 0.051272
0 0.864415 0.568812 0.053427 0.064764
0 0.908770 0.635600 0.033266 0.039128
0 0.941028 0.694967 0.067540 0.082305
0 0.987903 0.846759 0.024194 0.029684
0 0.985887 0.770526 0.028226 0.093099
0 0.891633 0.748263 0.047379 0.051272
0 0.933972 0.876442 0.057460 0.075558
0 0.842742 0.898030 0.054435 0.067463
0 0.750000 0.941881 0.028226 0.041827
0 0.822581 0.717905 0.038306 0.047224
0 0.796371 0.656514 0.028226 0.040478
0 0.745968 0.586352 0.040323 0.045875
0 0.721270 0.638973 0.061492 0.080955
0 0.674395 0.640997 0.044355 0.071511
0 0.628528 0.599170 0.051411 0.076908
0 0.630040 0.466269 0.038306 0.045875
0 0.573085 0.398806 0.037298 0.045875
0 0.595262 0.369122 0.039315 0.043176
0 0.566028 0.266579 0.041331 0.051272
0 0.570060 0.009833 0.043347 0.019665
0 0.518649 0.131653 0.178427 0.188896
0 0.381048 0.041928 0.032258 0.033731
0 0.521169 0.276698 0.044355 0.068812
0 0.471270 0.259158 0.063508 0.082305
0 0.453629 0.308406 0.026210 0.032382
0 0.504536 0.315827 0.037298 0.039128
0 0.495968 0.373845 0.034274 0.044525
0 0.464214 0.406227 0.031250 0.039128
0 0.439516 0.444006 0.056452 0.063415
0 0.432964 0.500000 0.033266 0.043176
0 0.550403 0.542502 0.068548 0.090400
0 0.454637 0.594448 0.044355 0.064764
0 0.496472 0.624132 0.045363 0.053970
0 0.544355 0.707111 0.050403 0.063415
0 0.536794 0.768502 0.055444 0.062066
0 0.592238 0.871045 0.027218 0.043176
0 0.565524 0.922317 0.050403 0.053970
0 0.576109 0.946604 0.043347 0.053970
0 0.557964 0.964819 0.043347 0.049922
0 0.575605 0.986794 0.038306 0.026411
0 0.530746 0.944580 0.023185 0.041827
0 0.363407 0.990842 0.063508 0.018316
0 0.415323 0.861600 0.030242 0.035081
0 0.319052 0.884538 0.031250 0.035081
0 0.357863 0.829218 0.044355 0.053970
0 0.288810 0.767827 0.061492 0.071511
0 0.218750 0.916245 0.026210 0.031033
0 0.136089 0.958747 0.046371 0.048573
0 0.040323 0.962120 0.048387 0.052621
0 0.013105 0.965206 0.024194 0.069587
0 0.045363 0.898030 0.032258 0.029684
0 0.365927 0.625481 0.082661 0.105242
0 0.469254 0.694293 0.085685 0.097146
0 0.382056 0.750287 0.052419 0.060717
0 0.422379 0.771875 0.046371 0.074209
0 0.129032 0.825845 0.030242 0.036430
0 0.093750 0.818424 0.046371 0.064764
0 0.113911 0.771875 0.040323 0.036430
0 0.067540 0.771200 0.026210 0.043176
0 0.090726 0.759057 0.040323 0.040478
0 0.347782 0.549922 0.038306 0.037779
0 0.365927 0.477737 0.054435 0.063415
0 0.232359 0.555994 0.041331 0.049922
0 0.246976 0.493254 0.038306 0.043176
0 0.300907 0.458848 0.031250 0.039128
0 0.323085 0.423767 0.033266 0.036430
0 0.366935 0.352257 0.034274 0.047224
0 0.332157 0.380591 0.083669 0.087702
0 0.311492 0.186298 0.088710 0.111988
0 0.388609 0.273325 0.045363 0.067463
0 0.340222 0.247015 0.025202 0.039128
0 0.361391 0.284794 0.021169 0.028334
0 0.206149 0.326621 0.079637 0.098496
0 0.134073 0.681475 0.022177 0.028334
0 0.142641 0.619409 0.061492 0.082305
0 0.081653 0.704412 0.082661 0.095797
0 0.033770 0.734096 0.025202 0.031033
0 0.010081 0.769176 0.020161 0.041827
0 0.006048 0.707111 0.012097 0.031033
0 0.056956 0.539803 0.053427 0.063415
0 0.092742 0.531708 0.034274 0.028334
0 0.107863 0.496627 0.028226 0.031033
0 0.087702 0.464245 0.040323 0.044525
0 0.171371 0.442657 0.038306 0.036430
0 0.205645 0.401504 0.032258 0.035081
0 0.177923 0.396782 0.043347 0.039128
0 0.123992 0.429839 0.034274 0.035081
0 0.088206 0.414997 0.043347 0.051272
0 0.006048 0.452776 0.012097 0.037779
0 0.025202 0.336740 0.032258 0.035081
0 0.061492 0.327970 0.044355 0.052621
0 0.122984 0.317850 0.024194 0.032382
0 0.139617 0.340113 0.025202 0.033731
0 0.195565 0.213283 0.042339 0.052621
0 0.227823 0.140423 0.032258 0.033731
0 0.146673 0.209910 0.047379 0.067463
0 0.087198 0.168758 0.049395 0.060717
0 0.027722 0.176179 0.027218 0.037779
0 0.279234 0.035856 0.026210 0.032382
0 0.227823 0.048674 0.024194 0.020239
0 0.232359 0.021689 0.021169 0.033731
0 0.210685 0.019665 0.028226 0.035081
0 0.188508 0.040578 0.020161 0.036430
0 0.154234 0.064865 0.032258 0.031033
0 0.123488 0.054746 0.029234 0.026985
0 0.106855 0.108041 0.034274 0.033731
0 0.023690 0.112764 0.027218 0.029684
0 0.032762 0.062167 0.047379 0.058018
0 0.085685 0.072286 0.052419 0.062066
0 0.109879 0.008483 0.040323 0.016967
0 0.016129 0.013880 0.032258 0.027761