0 0.452007 0.115747 0.146597 0.179863
0 0.675393 0.016412 0.062827 0.032823
0 0.750436 0.073701 0.045375 0.053725
0 0.944154 0.293274 0.034904 0.058397
0 0.965969 0.501168 0.068063 0.114458
0 0.990401 0.580588 0.019197 0.077084
0 0.944154 0.415908 0.024433 0.028031
0 0.857766 0.255900 0.057592 0.077084
0 0.889180 0.311961 0.036649 0.049054
0 0.856021 0.347000 0.033159 0.035038
0 0.861257 0.468466 0.071553 0.086428
0 0.894415 0.528031 0.040140 0.060733
0 0.971204 0.737092 0.036649 0.049054
0 0.953752 0.804833 0.043630 0.058397
0 0.986038 0.941482 0.027923 0.088764
0 0.888307 0.780306 0.052356 0.074748
0 0.844677 0.676359 0.066318 0.077084
0 0.850785 0.851551 0.057592 0.086428
0 0.775742 0.929803 0.078534 0.093435
0 0.833333 0.928635 0.068063 0.105115
0 0.623909 0.966069 0.089005 0.067861
0 0.647469 0.076037 0.069808 0.063069
0 0.700698 0.134434 0.050611 0.049054
0 0.779232 0.290938 0.054101 0.067741
0 0.752182 0.227870 0.045375 0.058397
0 0.718150 0.195167 0.054101 0.063069
0 0.706806 0.281595 0.097731 0.109787
0 0.633508 0.247725 0.059337 0.074748
0 0.609075 0.315465 0.052356 0.060733
0 0.671902 0.421748 0.034904 0.058397
0 0.571553 0.463794 0.148342 0.142489
0 0.470332 0.310793 0.197208 0.135481
0 0.177138 0.731253 0.109948 0.149497
0 0.029668 0.071365 0.059337 0.058397
0 0.041885 0.035099 0.083770 0.070197
0 0.200698 0.101732 0.073298 0.077084
0 0.227749 0.162465 0.029668 0.035038
0 0.325480 0.049174 0.050611 0.070077
0 0.270506 0.104068 0.045375 0.049054
0 0.288831 0.151953 0.029668 0.028031
0 0.286213 0.237213 0.122164 0.133145
0 0.171030 0.307290 0.080279 0.114458
0 0.271379 0.345832 0.043630 0.046718
0 0.295812 0.401893 0.050611 0.042046
0 0.402269 0.473137 0.109948 0.123802
0 0.310646 0.476641 0.034904 0.037374
0 0.762653 0.526863 0.062827 0.119130
0 0.733857 0.441603 0.036649 0.060733
0 0.711169 0.498832 0.050611 0.039710
0 0.645724 0.580588 0.101222 0.081756
0 0.795812 0.614458 0.104712 0.135481
0 0.766143 0.803665 0.066318 0.070077
0 0.726876 0.748772 0.078534 0.100443
0 0.713787 0.682199 0.038394 0.032702
0 0.349913 0.706726 0.106457 0.077084
0 0.178010 0.919291 0.083770 0.095771
0 0.020070 0.704390 0.040140 0.133145
0 0.017452 0.484817 0.034904 0.044382
0 0.058464 0.160129 0.050611 0.077084
0 0.145724 0.556061 0.068063 0.107451
0 0.266143 0.933306 0.064572 0.067741
0 0.306283 0.981253 0.068063 0.037495
0 0.500873 0.761619 0.052356 0.056061
0 0.624782 0.748772 0.059337 0.063069
0 0.633508 0.880749 0.055846 0.051389
0 0.446771 0.877245 0.041885 0.053725
0 0.416230 0.827024 0.054101 0.051389
0 0.546248 0.192831 0.087260 0.123802
0 0.295812 0.607451 0.036649 0.056061
0 0.343805 0.616794 0.048866 0.051389
0 0.352531 0.900604 0.038394 0.053725
0 0.704188 0.829360 0.043630 0.056061
0 0.086387 0.782642 0.061082 0.112122